20
382
525
410
802
1126
653
729
81
1187
338
1112
252
1611
471
915
1480
787
111
188
128
1417
212
18
245
275
122
1125
383
861
185
572
20
548
29
132
1000
169
170
237
55
626
1115
484
1374
1496
411
24
360
566
433
365
1288
29
522
287
442
598
422
80
844
491
486
390
314
1410
485
1167
58
165
235
177
240
69
65
536
485
417
684
354
353
6
227
1096
1399
1879
950
249
589
14
219
709
188
2058
530
27
423
302
1083
760
106
63
802
35
1
165
359
541
258
367
30
25
243
316
1374
1737
731
113
8
949
143
685
95
101
173
535
4
316
333
241
786
225
586
242
18
54
619
171
430
145
89
263
46
591
264
122
62
35
429
22
1742
153
73
2286
289
425
304
297
4
125
562
279
401
259
2189
30
175
195
414
1225
227
2
90
21
934
197
409
392
10
42
2214
1145
70
1353
258
686
1207
130
162
135
67
156
90
199
322
144
197
1062
162
206
855
551
888
7
278
490
1254
123
61
341
466
682
570
40
199
74
642
24
472
155
136
384
934
41
280
64
464
47
17
303
1104
391
16
182
762
32
1385
111
326
284
107
501
2553
214
90
1
146
87
856
491
319
2019
599
1
894
84
49
345
72
16
609
329
28
42
658
194
237
403
1098
66
560
128
1856
1522
229
1171
178
248
164
230
348
48
485
2049
23
350
12
67
105
46
540
616
143
505
124
169
90
59
1387
861
332
70
200
315
1080
213
132
188
1304
390
1351
45
312
394
371
177
162
352
173
894
35
194
181
20
498
405
447
335
105
503
1535
269
64
56
57
1333
475
1847
123
211
74
444
83
40
475
588
285
78
613
104
414
1529
253
256
831
582
193
1145
8
209
24
292
1158
10
41
14
156
1375
267
58
42
81
639
321
797
1169
244
910
190
119
24
2069
249
539
670
53
355
783
2035
1888
1031
192
143
321
1144
910
245
11
499
600
302
457
43
1025
573
306
880
121
271
1240
23
141
1740
113
546
168
425
428
72
234
359
568
319
481
29
913
587
1397
224
743
710
171
46
291
756
44
371
126
1
880
260
96
128
222
163
1231
442
690
423
84
344
441
1112
343
119
494
417
400
243
164
602
699
26
729
673
77
418
293
199
111
541
25
503
75
3
760
464
1625
214
845
32
310
17
483
89
561
360
20
97
149
410
121
766
161
226
1587
1393
395
705
563
339
67
9
2
279
456
382
406
69
218
95
68
87
320
389
648
313
1647
202
58
1398
61
251
357
125
675
340
831
612
126
14
25
203
11
464
80
342
75
1760
1232
358
898
1097
320
865
832
486
522
702
359
747
335
544
651
275
1283
395
325
195
597
752
25
54
403
493
133
480
83
47
971
71
309
626
283
337
81
4
13
1213
192
80
52
34
393
491
469
187
834
1203
59
77
35
1105
114
81
157
33
34
67
315
1157
523
435
1193
909
96
116
221
149
765
258
802
289
402
423
278
346
1390
154
12
243
330
344
111
355
6
79
462
128
427
660
110
9
1901
1947
464
96
1260
116
800
396
311
385
357
220
116
474
271
199
79
269
695
369
502
65
99
219
106
118
339
482
1104
278
160
34
438
326
122
835
98
13
225
177
143
26
173
505
748
706
757
567
309
254
149
306
187
165
78
577
882
16
1153
286
683
75
129
2171
189
134
914
313
254
573
8
76
1019
14
4
62
343
364
131
1197
930
1224
438
223
2319
468
455
525
190
49
83
389
1538
439
117
243
342
515
200
8
463
235
1553
95
508
418
327
376
108
506
336
643
1293
449
348
1258
25
50
285
962
103
587
324
6
153
449
320
128
127
435
536
976
960
495
329
231
249
431
628
910
236
70
65
1450
433
170
86
303
11
157
141
461
41
1196
154
219
639
457
180
85
547
194
826
1985
126
296
253
412
954
515
97
331
183
330
75
503
1037
136
293
1427
987
516
73
152
132
321
39
34
803
602
30
359
103
791
540
32
24
2783
212
743
544
1284
2567
74
30
254
113
192
69
479
514
127
207
842
269
179
95
166
411
559
34
902
2363
968
215
375
253
218
540
273
163
781
38
211
206
814
304
928
179
260
802
182
168
1680
229
151
378
449
106
503
375
64
534
694
1010
712
106
124
210
373
571
543
386
149
343
295
776
124
256
781
34
229
605
109
14
985
96
153
853
1016
311
627
1167
1
174
7
1032
618
764
24
103
511
611
154
169
450
145
297
248
1542
2162
297
76
453
586
62
217
1537
45
1501
216
149
9
23
126
49
1
1101
267
313
258
40
510
88
1037
21
372
50
908
16
175
212
246
393
92
122
267
67
761
206
42
220
110
375
111
188
676
173
477
743
1201
665
1456
769
911
330
3
306
85
954
236
69
844
254
448
15
25
109
14
1072
79
16
974
93
350
213
134
402
302
1239
33
1115
460
370
23
453
420
1069
832
153
81
372
55
460
1006
405
1812
250
264
826
2569
234
939
11
1654
1055
176
549
42
90
408
82
66
889
215
347
371
475
111
63
1026
148
289
1104
167
327
927
32
301
23
1045
132
448
220
415
228
1071
65
315
643
261
16
300
489
130
5414
918
400
748
1197
591
250
757
133
266
456
1052
171
272
949
32
396
425
422
165
8
285
161
354
240
273
462
2299
1402
75
136
25
229
682
721
300
262
103
1138
1476
503
2668
766
76
549
205
831
360
216
281
250
95
262
330
10
586
650
171
52
306
59
301
466
26
1
399
622
178
644
200
1009
285
324
302
413
798
959
1115
234
95
191
617
118
6
640
473
188
573
122
794
549
860
540
340
367
133
544
19
164
401
7370
37
182
1298
173
162
607
1151
280
46
1587
768
902
37
611
1760
98
17
217
272
9
97
128
450
1138
950
1427
274
334
290
409
302
786
263
124
40
4
890
1326
591
980
642
826
1081
630
939
178
157
779
508
130
774
498
31
323
1149
63
39
127
123
218
119
123
839
97
505
145
76
341
1059
446
968
665
184
57
342
805
692
119
348
249
397
73
1492
132
226
499
44
367
287
354
455
1619
97
627
71
432
1137
1995
344
787
67
540
95
464
344
129
220
30
1550
1096
568
48
357
802
216
100
43
39
132
409
121
951
170
818
247
277
503
176
46
165
36
45
760
19
230
397
408
393
8
1266
134
235
710
34
206
417
12
1064
388
898
214
37
348
73
611
235
867
50
561
393
168
54
255
255
351
44
262
112
1292
150
3168
75
2
205
14
292
102
780
750
8
72
37
2841
1454
10
746
96
889
152
293
2177
654
485
1196
149
1161
291
690
854
240
479
2545
142
379
110
62
269
170
291
9
220
1394
87
40
78
127
481
64
1059
332
219
1127
2980
224
340
488
473
870
980
10
1702
692
573
88
550
54
69
425
117
60
445
299
966
731
773
1150
209
58
89
585
529
184
33
18
484
140
515
2233
864
762
175
423
805
139
733
135
186
17
611
787
1210
1066
568
916
408
1059
1455
230
687
230
82
150
560
540
314
17
350
967
342
33
1257
1020
246
338
23
60
35
360
1388
199
131
141
2259
533
62
353
135
44
75
185
577
527
300
294
427
461
97
465
254
361
435
564
2119
1590
426
17
15
43
184
641
288
556
1085
332
261
726
444
226
575
195
2032
297
372
1359
177
323
868
64
347
160
1163
350
1110
1173
256
224
329
330
55
180
1111
479
107
641
256
514
221
639
711
568
157
572
986
1350
150
65
406
446
1085
2752
635
334
135
167
179
1101
44
307
504
1463
418
120
732
309
649
26
26
1812
59
1240
162
434
328
1652
254
433
121
391
562
623
293
922
646
319
216
382
268
292
115
859
1326
879
615
594
316
74
467
441
1
375
712
99
611
1239
171
16
1719
103
280
113
150
224
1997
268
135
605
836
537
1007
601
442
326
438
585
279
333
170
5
144
351
317
516
20
878
241
875
1127
112
1010
149
989
45
170
170
627
483
389
242
142
119
40
345
380
837
1364
269
624
14
298
1531
226
254
129
501
41
481
1245
354
695
275
97
127
708
365
1603
62
1015
313
1252
390
360
481
880
511
142
169
490
456
245
176
233
341
62
1045
113
493
295
509
56
1240
31
469
1014
40
353
1266
496
105
